Altitude_20S-20N, OCSPrf_Mean_20S-20N
0.500, 5.264E+02
1.500, 5.255E+02
2.500, 5.234E+02
3.500, 5.213E+02
4.500, 5.200E+02
5.500, 5.204E+02
6.500, 5.212E+02
7.500, 5.224E+02
8.500, 5.228E+02
9.500, 5.226E+02
10.500, 5.226E+02
11.500, 5.228E+02
12.500, 5.228E+02
13.500, 5.233E+02
14.500, 5.223E+02
15.500, 5.199E+02
16.500, 5.142E+02
17.500, 5.040E+02
18.500, 4.890E+02
19.500, 4.689E+02
20.500, 4.441E+02
21.500, 4.165E+02
22.500, 3.831E+02
23.500, 3.428E+02
24.500, 2.978E+02
25.500, 2.595E+02
26.500, 2.244E+02
27.500, 1.940E+02
28.500, 1.652E+02
29.500, 1.354E+02
30.500, 1.060E+02
31.500, 8.545E+01
32.500, 6.657E+01
33.500, 5.063E+01
34.500, 3.739E+01
35.500, 2.722E+01
36.500, 1.741E+01
37.500, 9.243E+00
38.500, 3.358E+00
39.500, 0.000E+00
40.500, 0.000E+00
41.500, 0.000E+00
42.500, 0.000E+00
43.500, 0.000E+00
44.500, 0.000E+00
45.500, 0.000E+00
46.500, 0.000E+00
47.500, 0.000E+00
48.500, 0.000E+00
49.500, 0.000E+00
50.500, 0.000E+00
51.500, 0.000E+00
52.500, 0.000E+00
53.500, 0.000E+00
54.500, 0.000E+00
55.500, 0.000E+00
56.500, 0.000E+00
57.500, 0.000E+00
58.500, 0.000E+00
59.500, 0.000E+00
60.500, 0.000E+00
61.500, 0.000E+00
62.500, 0.000E+00
63.500, 0.000E+00
64.500, 0.000E+00
65.500, 0.000E+00
66.500, 0.000E+00
67.500, 0.000E+00
68.500, 0.000E+00
69.500, 0.000E+00
70.500, 0.000E+00
71.500, 0.000E+00
72.500, 0.000E+00
73.500, 0.000E+00
74.500, 0.000E+00
75.500, 0.000E+00
76.500, 0.000E+00
77.500, 0.000E+00
78.500, 0.000E+00
79.500, 0.000E+00
80.500, 0.000E+00
81.500, 0.000E+00
82.500, 0.000E+00
83.500, 0.000E+00
84.500, 0.000E+00
85.500, 0.000E+00
86.500, 0.000E+00
87.500, 0.000E+00
88.500, 0.000E+00
89.500, 0.000E+00
90.500, 0.000E+00
91.500, 0.000E+00
92.500, 0.000E+00
93.500, 0.000E+00
94.500, 0.000E+00
95.500, 0.000E+00
96.500, 0.000E+00
97.500, 0.000E+00
98.500, 0.000E+00
99.500, 0.000E+00
100.500, 0.000E+00
101.500, 0.000E+00
102.500, 0.000E+00
103.500, 0.000E+00
104.500, 0.000E+00
105.500, 0.000E+00
106.500, 0.000E+00
107.500, 0.000E+00
108.500, 0.000E+00
109.500, 0.000E+00
110.500, 0.000E+00
111.500, 0.000E+00
112.500, 0.000E+00
113.500, 0.000E+00
114.500, 0.000E+00
115.500, 0.000E+00
116.500, 0.000E+00
117.500, 0.000E+00
118.500, 0.000E+00
