Altitude_20-50N, OCSPrf_Mean_20-50N
0.500, 4.955E+02
1.500, 5.007E+02
2.500, 5.060E+02
3.500, 5.102E+02
4.500, 5.142E+02
5.500, 5.189E+02
6.500, 5.219E+02
7.500, 5.231E+02
8.500, 5.207E+02
9.500, 5.148E+02
10.500, 5.075E+02
11.500, 5.015E+02
12.500, 4.972E+02
13.500, 4.961E+02
14.500, 4.928E+02
15.500, 4.844E+02
16.500, 4.664E+02
17.500, 4.367E+02
18.500, 3.961E+02
19.500, 3.483E+02
20.500, 2.970E+02
21.500, 2.481E+02
22.500, 2.040E+02
23.500, 1.662E+02
24.500, 1.355E+02
25.500, 1.155E+02
26.500, 9.834E+01
27.500, 8.312E+01
28.500, 6.805E+01
29.500, 5.255E+01
30.500, 3.869E+01
31.500, 3.139E+01
32.500, 2.428E+01
33.500, 1.851E+01
34.500, 1.386E+01
35.500, 1.044E+01
36.500, 6.963E+00
37.500, 3.897E+00
38.500, 1.543E+00
39.500, 7.562E-02
40.500, 0.000E+00
41.500, 0.000E+00
42.500, 0.000E+00
43.500, 0.000E+00
44.500, 0.000E+00
45.500, 0.000E+00
46.500, 0.000E+00
47.500, 0.000E+00
48.500, 0.000E+00
49.500, 0.000E+00
50.500, 0.000E+00
51.500, 0.000E+00
52.500, 0.000E+00
53.500, 0.000E+00
54.500, 0.000E+00
55.500, 0.000E+00
56.500, 0.000E+00
57.500, 0.000E+00
58.500, 0.000E+00
59.500, 0.000E+00
60.500, 0.000E+00
61.500, 0.000E+00
62.500, 0.000E+00
63.500, 0.000E+00
64.500, 0.000E+00
65.500, 0.000E+00
66.500, 0.000E+00
67.500, 0.000E+00
68.500, 0.000E+00
69.500, 0.000E+00
70.500, 0.000E+00
71.500, 0.000E+00
72.500, 0.000E+00
73.500, 0.000E+00
74.500, 0.000E+00
75.500, 0.000E+00
76.500, 0.000E+00
77.500, 0.000E+00
78.500, 0.000E+00
79.500, 0.000E+00
80.500, 0.000E+00
81.500, 0.000E+00
82.500, 0.000E+00
83.500, 0.000E+00
84.500, 0.000E+00
85.500, 0.000E+00
86.500, 0.000E+00
87.500, 0.000E+00
88.500, 0.000E+00
89.500, 0.000E+00
90.500, 0.000E+00
91.500, 0.000E+00
92.500, 0.000E+00
93.500, 0.000E+00
94.500, 0.000E+00
95.500, 0.000E+00
96.500, 0.000E+00
97.500, 0.000E+00
98.500, 0.000E+00
99.500, 0.000E+00
100.500, 0.000E+00
101.500, 0.000E+00
102.500, 0.000E+00
103.500, 0.000E+00
104.500, 0.000E+00
105.500, 0.000E+00
106.500, 0.000E+00
107.500, 0.000E+00
108.500, 0.000E+00
109.500, 0.000E+00
110.500, 0.000E+00
111.500, 0.000E+00
112.500, 0.000E+00
113.500, 0.000E+00
114.500, 0.000E+00
115.500, 0.000E+00
116.500, 0.000E+00
117.500, 0.000E+00
118.500, 0.000E+00
